0:
###
.##
..#

1:
#.#
###
#.#

2:
#..
##.
.##

3:
..#
###
###

4:
###
..#
###

5:
#.#
###
##.

44x35: 29 25 21 25 28 26
45x42: 48 38 52 51 50 53
36x49: 42 27 34 29 29 30
40x39: 24 42 27 26 26 24
49x45: 48 59 63 55 57 58
48x37: 47 42 47 34 48 56
42x46: 33 40 30 38 35 34
48x38: 27 33 34 34 29 34
40x44: 44 36 52 51 45 45
48x43: 54 53 49 53 57 51
44x41: 28 33 29 27 35 29
37x45: 47 49 39 42 40 39
44x38: 48 45 45 45 34 42
49x44: 47 31 34 36 35 41
42x49: 26 44 36 42 43 32
46x46: 28 45 36 38 38 39
45x45: 30 40 41 32 40 42
36x46: 35 28 30 27 24 35
38x50: 55 57 40 55 46 38
48x41: 37 37 24 44 35 30
38x41: 40 41 40 44 39 36
48x41: 62 41 55 53 52 43
38x47: 53 45 52 40 50 38
43x39: 37 45 45 41 42 48
45x44: 35 33 38 33 37 34
47x43: 56 49 53 48 57 49
48x38: 24 33 21 34 42 37
48x44: 51 55 58 39 60 63
43x41: 50 36 41 56 54 34
42x40: 35 22 30 31 25 38
40x42: 52 35 46 39 50 39
47x36: 37 28 23 32 35 25
41x50: 60 53 50 53 48 52
50x46: 42 42 31 44 40 40
38x46: 30 39 26 36 25 24
41x37: 21 15 26 31 33 30
35x49: 33 44 49 49 39 50
50x41: 55 58 49 59 45 49
48x50: 42 50 38 35 45 45
40x50: 55 54 42 56 48 51
46x43: 36 33 37 31 36 37
49x49: 45 40 39 37 56 38
42x40: 47 47 39 36 39 50
47x40: 32 31 38 34 32 28
49x47: 44 31 37 38 44 46
42x42: 47 58 46 46 41 34
46x36: 21 25 31 36 33 34
37x41: 36 36 27 49 50 32
42x44: 28 44 30 37 28 28
41x50: 33 33 35 43 38 25
48x40: 52 53 42 59 34 54
43x44: 38 44 53 48 59 49
38x38: 36 35 40 34 45 33
43x43: 38 50 60 40 50 49
42x48: 39 31 39 41 37 37
38x47: 36 55 50 46 43 45
43x38: 42 43 40 45 43 38
45x49: 42 33 39 49 42 34
35x48: 49 35 48 39 39 51
40x36: 29 27 27 29 24 20
47x46: 51 61 55 54 53 58
50x38: 52 47 45 60 53 35
47x49: 49 45 33 33 38 41
38x37: 34 16 27 26 23 18
48x46: 48 53 51 75 54 56
48x40: 51 50 53 46 59 38
48x47: 54 58 69 69 51 49
39x38: 20 33 20 31 25 27
39x45: 36 40 34 20 32 33
38x48: 57 43 53 42 53 36
35x41: 39 35 36 39 40 32
41x39: 37 39 35 49 40 44
50x47: 41 37 39 24 57 41
40x42: 42 46 37 48 36 48
40x35: 23 29 21 21 21 27
39x35: 37 36 36 34 31 37
41x48: 27 30 34 37 38 41
42x39: 45 42 32 42 49 40
39x43: 33 23 36 28 32 30
44x39: 32 36 26 38 24 25
38x44: 48 33 49 45 45 40
42x43: 38 36 28 36 26 31
49x46: 47 40 32 41 37 43
39x47: 21 39 38 32 25 40
40x47: 48 48 53 43 47 52
45x41: 46 43 30 57 44 59
41x46: 39 45 59 48 43 58
35x36: 16 21 19 28 22 26
37x48: 46 44 43 46 42 52
49x47: 54 44 34 33 32 43
38x35: 42 35 31 32 32 33
41x38: 22 34 27 27 22 24
41x38: 29 29 27 19 27 25
48x49: 62 62 56 63 66 52
46x43: 46 46 55 47 59 52
50x45: 42 30 43 51 30 43
44x43: 39 40 21 29 35 32
47x50: 38 34 35 38 50 44
50x35: 45 49 39 41 44 50
35x45: 34 42 41 38 42 45
35x35: 18 20 23 21 23 15
47x47: 38 42 40 38 30 37
48x35: 35 41 48 40 48 47
42x43: 33 37 34 21 33 37
44x42: 48 40 52 48 52 46
36x44: 26 24 25 37 26 30
47x50: 64 72 59 55 59 53
41x46: 44 61 46 33 56 49
38x44: 32 36 21 22 35 22
43x49: 50 40 39 31 36 28
42x36: 45 36 40 35 35 43
50x48: 49 40 38 40 35 53
48x44: 38 43 31 42 36 34
40x48: 39 39 30 32 45 22
46x43: 46 38 48 59 56 56
49x44: 32 43 38 36 35 39
37x43: 30 25 33 23 27 30
39x37: 46 32 31 39 34 40
45x38: 28 28 28 28 37 30
45x45: 36 37 31 48 28 44
41x42: 46 46 50 47 43 35
38x43: 25 26 27 30 22 37
48x39: 47 53 48 40 47 53
36x44: 22 24 22 27 37 35
47x45: 55 48 55 57 57 54
44x45: 53 47 50 63 46 46
46x46: 49 50 54 61 54 57
49x43: 41 44 38 40 32 29
43x46: 29 37 38 42 32 31
44x41: 38 27 26 32 36 23
39x40: 43 34 38 54 29 42
47x49: 40 35 43 37 45 40
49x42: 32 50 38 33 42 29
38x37: 24 22 25 27 24 21
36x42: 20 30 23 35 34 26
48x37: 39 24 23 42 31 32
47x37: 52 37 63 38 37 47
41x38: 51 33 27 38 41 48
41x35: 27 26 24 29 20 16
49x39: 55 49 49 42 55 45
44x50: 37 41 41 29 39 37
45x49: 38 46 39 43 33 41
44x38: 49 51 49 37 42 32
42x44: 43 50 44 42 43 61
38x38: 27 25 15 24 18 34
46x40: 33 24 34 35 26 43
45x40: 42 46 48 38 52 51
37x47: 38 48 38 43 50 48
45x37: 29 28 31 29 25 37
42x49: 39 35 34 34 41 40
47x41: 36 33 33 30 30 32
44x47: 35 32 35 32 43 32
36x45: 48 47 40 41 39 35
43x47: 50 57 59 52 50 45
45x41: 37 56 38 51 44 54
39x45: 38 46 21 24 30 36
43x47: 32 32 34 45 31 35
45x46: 42 36 41 40 30 36
36x42: 28 36 18 29 22 34
45x42: 51 42 43 48 52 54
40x45: 42 39 44 44 55 52
46x37: 47 50 45 36 50 35
48x38: 41 49 40 52 52 44
43x46: 50 50 60 47 46 54
37x46: 45 48 43 43 45 38
42x39: 20 30 29 33 37 33
47x48: 59 59 60 60 54 56
40x38: 41 43 34 41 35 39
45x45: 56 51 50 48 52 55
45x44: 46 55 57 46 54 48
39x48: 54 59 47 34 45 50
46x36: 28 28 34 35 28 27
45x46: 41 30 37 35 34 48
49x48: 64 55 58 59 68 58
45x41: 40 46 51 47 49 51
35x39: 24 27 19 25 27 20
43x38: 35 23 25 30 27 28
41x45: 33 34 26 33 38 30
41x48: 38 25 31 35 42 37
47x49: 53 63 57 53 61 66
49x41: 58 52 57 50 44 51
46x40: 57 46 45 46 44 46
47x49: 38 46 37 40 37 42
45x42: 63 52 41 53 40 42
47x45: 56 60 62 41 51 58
36x45: 42 41 40 40 34 52
45x39: 37 33 28 31 28 38
44x45: 38 55 51 44 51 64
49x36: 48 51 52 42 48 33
41x46: 52 48 41 44 55 49
40x47: 50 59 38 50 47 43
36x39: 19 32 26 31 19 28
38x39: 35 33 38 36 39 47
38x42: 22 20 38 27 28 33
42x38: 36 46 27 44 53 35
39x38: 43 42 41 36 36 32
42x50: 37 27 44 33 46 36
45x43: 54 53 58 52 35 49
43x38: 46 44 41 33 45 43
47x45: 44 73 61 50 49 49
35x49: 36 29 23 33 24 30
42x48: 32 39 41 32 39 41
37x37: 29 18 28 15 30 24
44x47: 47 50 58 50 65 49
36x47: 36 47 38 43 48 46
43x35: 28 30 22 28 28 18
44x37: 36 50 53 39 41 34
45x36: 30 33 26 29 33 29
37x43: 31 23 31 34 27 22
35x37: 31 36 32 39 33 28
36x46: 47 40 54 42 46 30
36x38: 18 21 33 21 28 22
36x46: 35 32 18 32 25 37
49x38: 37 26 35 29 32 33
37x48: 45 49 48 38 46 48
43x42: 48 40 48 44 48 51
43x39: 36 25 40 25 27 28
40x44: 47 55 37 33 45 52
47x45: 48 50 58 55 55 60
47x49: 47 43 36 36 39 38
50x42: 56 51 51 44 60 61
46x35: 22 32 20 41 19 31
37x37: 18 19 27 22 22 35
45x39: 38 35 35 26 32 29
43x38: 39 43 48 39 43 41
49x39: 58 48 37 51 42 56
50x36: 31 29 36 27 36 32
48x35: 20 30 32 28 25 40
46x49: 70 49 65 61 61 45
38x38: 26 43 34 37 43 37
37x39: 25 24 24 29 22 31
35x42: 36 43 33 39 45 29
41x44: 54 40 53 40 45 49
40x42: 44 41 36 50 51 35
47x41: 45 44 63 55 45 48
42x38: 44 43 44 46 41 29
40x45: 49 54 51 39 47 39
41x40: 25 31 28 30 29 26
39x47: 34 27 36 35 40 22
45x46: 58 49 51 68 45 48
46x48: 37 48 34 49 35 37
36x39: 32 27 22 21 26 28
40x47: 54 56 51 46 35 49
40x50: 27 40 26 33 46 35
37x40: 18 33 32 28 18 26
36x42: 43 38 37 43 35 37
35x43: 35 34 44 48 37 35
46x49: 66 47 54 65 55 60
35x42: 30 20 32 22 22 28
42x39: 42 36 34 49 45 44
50x37: 31 27 39 45 21 28
48x36: 48 44 56 44 38 40
38x39: 46 35 36 32 31 49
40x46: 43 48 41 46 50 53
47x37: 45 52 48 44 41 39
44x37: 36 52 42 36 43 41
38x38: 42 42 26 33 39 38
49x35: 32 36 24 28 30 26
49x46: 62 48 62 62 56 59
40x48: 36 34 37 32 33 36
45x35: 47 34 39 45 38 40
36x42: 37 43 36 36 42 38
45x41: 48 43 47 47 54 45
42x36: 24 29 30 34 26 25
49x36: 36 54 41 44 45 49
37x39: 32 28 26 23 25 21
40x47: 55 46 53 36 54 48
49x44: 59 56 53 49 57 58
46x42: 54 47 56 46 50 47
48x43: 45 60 44 51 54 60
49x39: 46 56 49 59 45 39
46x45: 49 54 67 45 55 52
42x45: 54 56 42 39 54 45
43x48: 42 40 37 33 33 38
49x47: 43 40 41 43 39 33
45x43: 37 57 56 47 46 55
35x45: 37 38 37 39 45 45
41x39: 46 43 34 42 41 39
38x40: 39 44 39 33 40 39
37x39: 31 31 36 53 40 30
49x43: 61 43 49 51 64 56
49x41: 29 29 43 42 32 33
37x40: 43 40 36 32 37 40
36x48: 34 33 25 38 34 27
37x46: 43 37 44 46 45 47
47x47: 57 58 52 58 56 58
39x42: 31 37 17 31 38 28
37x49: 62 43 42 45 40 48
36x49: 33 43 33 31 27 24
39x41: 29 29 21 32 30 27
46x45: 49 53 45 54 59 56
45x38: 51 37 53 31 53 42
49x42: 44 35 40 29 38 37
40x47: 43 63 56 35 47 47
42x36: 24 25 28 31 32 27
41x41: 57 51 44 34 43 32
45x36: 48 34 44 38 46 41
48x37: 59 37 44 38 51 46
37x45: 45 40 40 47 46 38
35x42: 25 31 28 19 24 27
41x38: 33 46 37 48 30 44
45x47: 60 62 63 44 47 53
46x43: 49 42 49 54 58 52
37x47: 42 46 39 42 52 45
36x44: 38 32 39 41 37 56
40x39: 43 24 44 47 50 34
42x43: 21 37 28 34 32 43
47x40: 56 41 42 54 41 55
39x49: 60 58 39 47 41 48
44x48: 60 51 43 62 48 59
42x42: 39 38 60 55 40 43
43x38: 44 55 42 41 41 29
37x46: 40 43 42 52 42 42
49x46: 44 33 41 34 42 46
46x43: 49 51 64 53 44 47
36x40: 26 26 30 28 22 23
35x49: 43 44 41 43 45 47
48x40: 61 47 48 46 46 49
46x38: 31 28 21 28 40 31
37x40: 29 26 29 24 26 21
42x50: 37 34 41 33 36 43
39x48: 41 47 54 61 41 45
46x48: 67 63 37 50 56 63
37x37: 37 29 35 37 36 37
50x39: 42 62 50 54 43 48
48x46: 51 59 66 50 52 64
49x40: 48 54 45 47 55 51
39x46: 30 45 26 34 28 32
42x38: 45 42 53 38 26 46
49x50: 47 62 59 61 70 75
35x46: 20 31 27 26 30 30
48x35: 47 40 35 48 34 53
49x47: 50 38 33 36 39 44
48x40: 38 30 30 39 24 47
42x37: 43 36 26 26 57 48
46x36: 46 37 41 49 36 46
42x40: 27 28 33 23 29 41
44x50: 44 32 32 36 38 42
45x49: 63 56 55 64 44 58
50x43: 54 52 56 55 54 60
37x44: 30 34 29 23 29 23
48x47: 41 45 31 37 41 44
48x41: 34 35 32 40 20 46
40x47: 35 39 33 25 31 32
36x43: 29 33 27 24 28 26
50x46: 34 47 37 33 47 41
42x44: 32 31 31 41 32 28
41x39: 22 26 26 34 33 28
46x50: 45 39 35 38 43 39
37x45: 40 44 28 39 52 49
35x41: 30 44 43 37 28 40
36x47: 45 42 47 38 50 40
47x45: 48 47 36 35 28 30
49x38: 61 49 45 48 42 43
38x39: 45 43 27 39 37 35
42x44: 27 25 36 38 38 32
39x49: 37 36 26 28 34 46
40x48: 48 65 40 47 47 46
35x44: 38 34 47 43 41 36
42x43: 33 43 28 23 33 35
43x43: 57 38 51 57 34 50
50x50: 65 69 67 71 58 56
45x49: 52 61 54 56 56 59
49x42: 39 40 48 32 28 37
38x37: 20 22 26 26 28 21
35x45: 26 32 29 27 24 27
36x40: 39 35 30 48 38 30
42x43: 33 28 29 36 42 28
49x36: 42 49 44 48 45 43
50x37: 30 25 36 41 30 29
38x44: 31 49 40 53 33 49
50x43: 39 36 37 32 41 39
40x36: 29 8 24 32 30 33
37x45: 41 40 52 45 42 39
37x48: 51 52 31 42 47 47
45x35: 36 51 30 38 38 46
37x47: 30 38 31 25 30 25
41x37: 29 31 26 25 27 18
46x42: 49 50 38 53 60 44
43x40: 50 44 45 53 29 45
42x45: 26 40 39 32 36 36
42x43: 55 49 48 43 44 41
48x37: 27 35 38 26 35 30
46x41: 45 52 41 51 39 60
50x37: 42 50 51 43 60 39
35x39: 36 37 30 39 34 33
39x43: 39 47 48 44 50 31
41x37: 36 35 55 45 33 34
48x40: 40 32 38 31 36 30
37x49: 24 37 45 30 31 25
38x43: 24 21 29 34 28 32
50x47: 60 54 71 58 63 59
35x37: 19 19 22 21 27 23
37x46: 36 40 54 47 44 43
47x37: 49 45 47 51 39 38
42x38: 25 32 25 24 27 34
35x36: 15 28 32 17 19 20
43x46: 55 59 40 49 47 52
43x37: 34 32 31 22 25 24
45x35: 23 27 28 37 26 23
42x47: 38 37 31 30 40 33
42x43: 43 43 51 45 47 50
40x46: 51 50 51 37 47 49
43x41: 27 38 28 26 31 31
41x44: 42 42 45 50 49 49
45x43: 55 35 44 67 52 44
45x46: 39 38 30 35 39 44
38x46: 41 57 42 54 35 39
37x41: 32 19 30 28 21 26
44x41: 45 40 61 58 35 43
49x47: 55 74 55 54 52 63
45x36: 35 28 28 32 28 28
42x43: 30 40 27 32 32 34
46x48: 62 62 50 49 58 58
46x46: 54 55 59 64 51 44
46x46: 58 47 63 61 49 51
42x47: 37 41 27 36 36 32
46x35: 31 52 39 38 30 56
39x42: 32 32 26 33 29 30
42x43: 30 35 26 29 30 45
41x50: 41 37 31 40 31 28
40x42: 43 39 44 45 43 45
47x37: 44 50 45 33 50 46
49x42: 48 52 55 53 56 53
38x39: 34 16 27 34 20 24
35x43: 44 34 50 33 35 40
40x42: 33 30 33 23 28 34
45x40: 56 42 40 51 39 49
44x37: 35 51 39 43 41 40
40x48: 30 36 33 36 38 35
47x41: 34 30 34 34 40 23
40x42: 34 27 37 35 21 27
45x48: 49 67 56 57 46 57
42x35: 33 39 38 37 39 40
40x41: 39 41 48 40 46 40
49x49: 76 56 70 56 49 67
39x43: 27 24 29 36 30 35
41x40: 35 45 44 40 42 46
47x36: 31 26 33 26 32 31
39x45: 39 54 50 44 39 45
48x41: 32 36 39 31 38 31
47x45: 58 52 47 66 47 54
47x43: 27 30 45 38 33 36
38x50: 25 26 28 28 40 45
41x49: 45 48 43 63 60 47
41x37: 45 40 27 38 44 37
50x35: 40 45 46 50 44 44
38x40: 44 44 40 35 31 41
35x47: 46 39 36 49 42 40
35x42: 41 33 35 30 40 47
47x50: 58 62 58 56 68 59
43x35: 24 31 21 29 27 22
40x44: 23 29 26 42 31 31
43x48: 36 33 31 36 47 41
43x43: 52 56 39 43 39 54
49x37: 36 36 38 24 35 23
39x36: 30 35 34 41 41 34
39x50: 41 39 30 26 38 33
39x47: 37 26 35 33 33 31
37x40: 24 32 17 25 34 23
36x39: 33 23 13 30 37 20
49x38: 46 44 42 54 43 56
49x39: 26 33 36 44 30 38
38x44: 23 29 32 23 36 25
36x37: 33 23 24 21 21 22
43x49: 28 39 37 40 38 41
49x45: 40 50 37 32 38 43
44x50: 65 68 56 42 51 58
46x47: 48 33 42 37 26 38
50x35: 36 40 48 45 53 47
40x50: 58 45 34 62 52 53
45x48: 68 57 50 52 60 46
50x45: 40 37 41 32 50 39
47x49: 63 71 62 48 53 59
47x38: 36 52 51 43 43 50
36x48: 35 39 32 30 28 28
46x37: 26 33 30 27 28 35
38x40: 30 23 25 26 23 28
44x46: 29 32 37 39 30 42
43x40: 34 26 35 24 28 34
48x45: 37 33 42 48 42 37
40x42: 38 48 33 38 51 47
43x42: 37 46 43 51 53 46
47x39: 48 43 56 46 47 45
40x46: 53 57 47 35 54 38
44x37: 34 30 29 17 30 28
43x46: 39 49 35 29 30 27
38x41: 43 33 45 38 41 42
48x42: 42 55 41 45 61 62
42x37: 48 34 42 35 38 44
47x35: 35 21 23 31 23 32
46x47: 39 38 35 39 41 32
44x42: 53 47 56 43 44 45
48x48: 70 64 62 55 51 55
39x36: 30 23 37 22 18 25
42x45: 25 38 36 37 35 38
48x42: 47 48 46 50 58 59
41x42: 58 36 40 36 44 52
35x42: 30 43 37 45 41 29
35x42: 23 16 35 31 28 20
49x40: 40 34 39 28 23 43
46x40: 37 25 42 32 29 29
48x42: 44 25 24 45 38 48
50x44: 58 58 56 53 57 57
39x45: 38 36 43 32 20 25
42x38: 31 25 31 24 24 33
46x46: 56 58 58 54 50 51
46x41: 45 49 52 55 47 43
41x46: 27 28 29 38 38 34
42x43: 37 31 32 32 35 29
38x37: 32 35 36 34 35 44
50x38: 50 51 39 51 49 50
37x35: 42 37 27 34 28 31
49x39: 36 24 37 43 26 41
40x48: 40 51 51 59 48 46
38x44: 26 20 31 26 34 31
48x45: 51 48 63 61 46 65
42x37: 33 34 42 52 36 42
41x50: 54 52 57 61 42 51
38x36: 34 39 33 36 31 37
40x49: 47 58 45 52 48 50
50x39: 34 35 36 36 31 36
39x39: 38 39 42 37 43 36
48x35: 31 39 23 27 29 27
45x47: 51 51 54 49 61 59
48x47: 54 60 44 58 61 66
50x49: 62 53 63 75 63 61
48x44: 37 45 32 38 35 36
45x45: 35 39 32 44 40 34
40x35: 35 37 37 31 40 36
40x43: 40 45 40 54 40 44
43x48: 46 42 47 53 53 74
37x46: 31 27 29 32 36 25
35x50: 44 39 36 42 60 46
50x43: 66 51 46 60 51 56
35x45: 31 29 26 25 23 31
44x48: 58 62 55 40 52 59
41x50: 46 53 75 42 45 60
36x49: 40 45 45 52 54 35
36x35: 28 33 31 40 32 29
41x39: 43 42 35 44 44 37
38x45: 36 50 33 45 51 44
40x46: 28 34 27 30 35 41
41x37: 21 34 23 23 28 26
46x48: 62 59 47 58 54 58
42x42: 41 35 26 29 44 21
46x46: 56 31 34 37 41 26
41x42: 58 41 37 36 53 40
46x38: 49 36 46 45 54 40
48x36: 41 46 39 39 48 51
49x49: 49 54 59 73 74 58
48x41: 38 38 29 32 42 29
37x41: 41 40 39 31 46 37
38x46: 45 53 40 46 40 44
49x41: 56 46 55 60 47 47
43x45: 37 31 30 35 44 33
39x49: 39 29 36 33 36 35
39x43: 52 46 45 33 41 43
37x43: 40 37 44 44 49 32
42x43: 57 61 58 34 36 37
48x37: 45 26 37 23 35 26
44x47: 50 64 49 49 47 58
36x43: 41 38 51 40 33 39
41x45: 58 38 38 45 52 52
38x46: 34 34 27 29 22 33
39x44: 34 47 41 35 57 48
43x49: 54 60 52 53 58 47
47x50: 61 70 54 64 60 51
47x43: 57 47 55 45 61 48
40x43: 44 38 52 39 52 42
45x40: 49 48 47 44 49 41
37x37: 24 22 24 24 26 24
38x40: 29 24 26 26 21 29
46x41: 24 36 40 31 31 33
49x38: 42 53 52 37 50 53
48x45: 59 61 66 50 53 47
49x46: 50 64 51 66 52 61
35x35: 31 26 29 34 29 39
44x37: 34 45 40 46 36 48
48x47: 64 67 64 41 58 56
46x37: 34 34 18 27 38 29
47x47: 45 38 42 31 27 42
38x49: 56 43 51 41 48 50
43x36: 24 25 29 31 38 21
50x40: 30 32 39 27 43 37
50x37: 49 46 54 47 42 49
49x36: 51 42 37 48 42 50
47x41: 65 52 46 46 50 39
37x47: 38 33 49 53 48 47
45x49: 43 43 41 46 26 40
48x39: 38 36 25 31 42 36
42x43: 58 41 50 49 36 47
42x37: 36 39 37 41 41 44
40x48: 52 45 45 42 56 55
35x42: 45 33 43 37 34 37
35x35: 38 32 33 31 31 25
47x37: 33 24 26 37 28 32
49x45: 70 53 62 57 57 44
46x36: 24 34 38 29 21 34
44x47: 38 41 31 29 42 29
35x36: 30 29 17 15 17 24
45x44: 50 47 48 56 56 47
49x50: 64 62 55 61 59 74
43x38: 26 28 34 30 24 26
45x42: 42 42 44 45 56 60
36x43: 28 31 28 23 25 32
43x38: 52 36 38 40 41 45
49x49: 68 74 59 63 57 49
50x37: 38 39 46 58 55 47
36x44: 48 40 37 30 45 44
43x42: 37 48 54 43 53 44
40x37: 26 28 24 25 23 30
40x46: 25 34 33 38 32 33
41x42: 47 36 45 42 57 39
48x50: 58 60 61 62 66 62
45x36: 46 38 45 44 48 30
45x35: 25 21 36 23 33 27
49x42: 49 52 55 54 56 51
40x49: 31 40 23 32 44 37
43x46: 43 54 63 50 55 42
40x41: 23 20 39 32 32 23
43x47: 48 42 42 56 55 65
38x39: 42 34 49 29 41 37
40x36: 26 28 20 27 27 28
42x45: 57 42 47 37 54 55
47x41: 54 43 55 56 48 43
39x41: 43 32 53 33 48 41
38x42: 40 48 31 39 47 38
41x44: 49 44 53 47 38 49
41x37: 22 29 27 34 26 18
46x47: 38 36 35 31 41 44
39x37: 22 27 26 32 21 27
44x38: 25 35 23 31 29 24
43x40: 45 45 40 36 50 48
47x50: 44 41 36 38 36 44
41x46: 51 40 52 50 54 45
41x43: 34 26 30 34 29 29
50x39: 42 37 34 29 38 28
43x46: 48 68 43 51 43 49
39x50: 45 45 62 47 50 54
41x41: 42 43 41 43 42 47
50x47: 68 51 57 66 53 67
46x48: 62 49 58 61 53 58
43x41: 50 42 44 33 56 47
46x36: 43 41 49 42 48 34
40x38: 42 32 41 44 40 36
41x40: 28 24 30 31 28 27
41x43: 42 43 45 47 43 51
41x42: 32 24 25 27 40 33
38x47: 50 35 61 38 51 45
50x48: 44 36 46 39 42 48
37x39: 37 32 29 35 44 43
43x37: 48 43 47 37 41 32
40x42: 39 38 39 44 53 44
43x43: 53 50 52 31 54 47
50x45: 48 40 29 40 40 42
38x44: 34 28 26 30 25 25
36x44: 25 33 23 25 31 30
36x47: 33 22 28 24 34 38
46x47: 42 34 25 42 38 43
49x48: 44 63 54 62 72 63
37x40: 31 23 27 24 25 26
37x44: 27 27 38 28 23 25
35x47: 28 19 22 36 31 29
41x42: 45 42 46 31 58 44
50x41: 34 41 32 37 25 39
45x46: 34 34 44 42 32 39
35x45: 29 45 48 41 42 38
36x48: 46 43 43 43 40 51
37x43: 36 49 39 36 43 41
42x47: 23 31 39 50 26 41
48x50: 44 35 39 44 45 48
40x49: 46 40 60 56 52 50
41x38: 26 25 25 24 30 25
36x41: 27 22 32 23 27 24
45x41: 42 49 35 52 45 57
44x35: 37 43 47 37 32 43
36x47: 30 33 25 31 32 29
37x47: 44 45 59 35 49 40
44x37: 37 42 38 49 41 42
49x36: 30 32 24 44 32 30
47x37: 35 26 26 28 33 31
46x38: 34 28 26 23 35 34
39x43: 44 31 26 33 27 21
38x41: 40 34 43 44 45 35
46x44: 55 52 55 48 49 54
37x46: 30 28 26 27 35 34
45x48: 47 33 44 34 44 38
46x41: 47 47 47 44 44 61
47x35: 45 37 46 39 45 43
43x36: 30 20 30 27 34 26
41x47: 29 36 36 28 31 34
36x46: 41 42 40 45 39 47
39x39: 33 23 26 28 28 30
45x50: 43 48 37 36 37 38
40x36: 40 34 47 35 34 35
44x37: 37 37 34 50 43 47
46x38: 54 39 50 38 47 44
35x40: 34 28 23 22 23 13
45x50: 49 59 57 62 68 50
46x42: 43 47 44 64 44 53
49x41: 52 61 47 51 52 45
44x47: 30 36 37 37 30 40
35x38: 23 22 27 19 16 24
39x40: 26 30 21 35 29 28
50x43: 40 31 41 29 48 35
48x35: 29 42 54 54 45 36
43x44: 28 39 35 28 33 33
47x41: 45 59 56 40 52 46
44x47: 39 32 32 38 38 31
46x39: 50 53 39 46 41 46
35x42: 43 26 48 44 36 33
43x50: 34 39 37 42 32 39
40x36: 17 36 32 22 23 25
49x39: 37 31 33 40 34 33
39x47: 52 46 44 56 44 40
38x37: 30 36 34 44 36 35
42x35: 32 40 39 32 39 44
42x50: 39 32 33 46 30 43
41x48: 50 54 51 51 53 44
50x43: 63 47 54 48 63 57
50x46: 57 58 60 61 57 61
46x47: 35 36 47 46 31 29
49x48: 33 38 52 47 44 41
41x41: 37 26 38 16 24 28
49x45: 55 73 59 42 53 58
36x46: 34 27 28 23 28 39
41x48: 37 26 32 34 32 47
38x39: 30 30 36 20 20 19
35x47: 45 43 43 41 42 40
46x40: 64 45 45 38 52 41
35x50: 48 47 38 41 40 54
40x40: 42 35 46 43 41 41
40x42: 23 36 30 32 26 34
42x47: 36 35 35 41 29 33
47x35: 42 41 41 40 40 49
46x43: 33 25 48 31 37 36
48x36: 27 36 28 31 40 29
36x41: 27 22 29 24 24 30
49x40: 29 32 49 29 35 34
39x42: 35 36 20 26 25 40
39x50: 32 40 33 34 33 35
47x35: 39 48 42 39 41 44
39x41: 39 40 45 46 34 43
37x35: 38 34 26 41 33 26
38x47: 25 29 27 33 38 27
49x49: 40 40 51 49 38 37
36x35: 28 30 23 47 33 30
42x35: 53 35 29 41 40 28
38x47: 33 41 52 41 52 56
37x48: 41 28 35 32 23 32
48x50: 64 56 59 57 64 69
36x39: 42 41 36 28 34 36
42x35: 27 23 28 22 33 20
50x44: 37 37 37 37 41 34
37x35: 30 27 20 14 20 20
46x44: 61 46 55 58 42 52
35x45: 31 31 24 29 24 26
49x39: 47 49 49 50 56 43
44x44: 35 30 26 33 36 35
46x40: 40 35 30 29 30 30
41x35: 42 36 34 38 41 30
45x41: 53 38 44 44 52 53
46x50: 63 58 60 61 58 55
36x36: 16 26 24 19 26 33
44x41: 51 42 48 47 47 44
40x43: 25 29 24 40 32 32
42x40: 28 30 37 28 23 35
45x43: 53 42 55 51 55 44
43x48: 58 50 54 47 55 55
43x37: 37 41 39 42 45 40
43x47: 51 54 51 48 54 53
43x37: 30 34 29 25 27 23
36x42: 49 42 30 36 33 42
45x41: 51 58 34 53 39 46
45x49: 42 39 46 34 33 45
41x43: 21 37 32 35 32 25
37x45: 30 27 29 27 37 29
45x48: 38 44 32 41 45 39
41x45: 40 40 50 54 50 50
45x41: 51 37 38 50 60 46
45x48: 36 43 38 39 34 49
42x42: 40 42 59 43 50 41
49x45: 56 59 65 54 51 57
43x47: 33 40 36 31 38 32
46x49: 36 44 37 46 41 35
48x50: 62 67 67 67 53 55
38x42: 37 30 44 43 50 42
48x38: 55 35 47 44 51 50
43x40: 39 51 51 47 38 40
50x35: 32 25 28 28 35 27
38x36: 34 34 43 40 32 30
46x42: 49 50 48 48 52 50
37x47: 14 30 31 33 30 41
36x48: 33 36 36 27 29 31
49x45: 53 57 63 54 54 60
48x48: 63 55 58 52 62 65
37x41: 19 25 29 27 28 27
40x42: 55 33 41 40 43 48
42x46: 34 38 26 39 34 39
49x41: 46 53 46 41 49 72
36x48: 35 33 29 22 35 37
38x49: 46 57 50 44 45 45
48x45: 43 42 35 45 40 35
50x44: 49 54 58 68 66 43
36x40: 41 45 35 32 29 40
38x39: 29 36 45 35 42 42
36x43: 37 24 25 28 24 29
41x49: 28 49 35 25 32 39
39x42: 30 30 25 24 38 34
38x36: 25 21 33 19 19 26
43x37: 31 28 26 22 28 33
48x44: 31 33 34 47 39 40
35x46: 32 27 18 20 35 33
39x35: 19 21 28 23 28 24
40x49: 39 47 57 64 41 54
46x50: 45 42 27 38 33 55
39x39: 42 47 36 37 34 38
37x40: 38 39 35 40 38 37
43x44: 29 30 38 35 33 31
46x45: 48 48 49 60 53 59
49x44: 41 38 38 44 31 31
36x42: 26 31 28 26 30 26
42x50: 33 37 41 43 42 28
50x44: 45 34 40 28 43 33
45x38: 52 59 42 35 35 41
47x42: 50 56 44 47 57 48
41x35: 29 38 40 38 38 38
46x49: 59 48 61 52 63 65
35x46: 46 39 43 41 40 40
40x39: 40 38 43 35 48 37
38x41: 29 20 29 26 25 26
50x35: 23 30 32 33 29 29
37x45: 44 39 48 37 45 45
40x42: 26 31 35 32 27 31
41x39: 42 36 46 47 47 30
35x49: 33 41 46 44 46 53
43x46: 51 60 38 61 50 41
37x45: 44 36 47 43 40 48
42x47: 55 58 59 54 43 38
49x36: 38 44 46 43 55 45
40x36: 38 38 37 39 34 36
36x43: 32 55 38 38 37 37
36x45: 27 40 28 28 30 27
38x47: 29 31 34 24 32 30
40x50: 31 41 34 32 37 32
44x46: 48 31 31 26 37 37
45x37: 29 29 25 36 30 31
43x45: 42 48 57 55 52 45
41x46: 36 51 53 48 55 47
46x36: 48 40 46 36 45 42
48x44: 38 42 36 39 38 31
37x42: 42 23 45 46 46 39
40x50: 37 36 26 45 33 31
35x45: 23 31 34 24 31 22
46x38: 62 30 50 39 50 42
45x43: 64 43 53 44 43 54
50x37: 61 44 52 33 45 53
35x40: 29 35 37 36 37 41
42x47: 21 41 41 30 42 35
47x50: 44 36 42 45 30 43
45x36: 35 21 32 31 35 26
47x37: 28 31 30 36 33 22
46x45: 32 44 40 39 28 41
36x47: 34 44 53 44 40 47
37x48: 34 28 24 32 38 36
39x42: 44 49 40 42 36 41
43x50: 28 42 48 40 37 28
44x47: 52 55 49 60 47 54
50x40: 39 52 57 53 54 53
50x41: 48 57 49 54 53 53
41x47: 63 56 36 51 49 40
35x35: 23 22 22 21 18 14
44x50: 34 43 32 44 36 34
45x38: 29 33 33 29 35 21
50x35: 41 59 41 38 46 43
38x44: 32 23 28 36 22 26
50x44: 52 62 63 63 52 48
45x39: 25 28 29 33 40 39
50x47: 45 36 37 34 39 48
35x46: 51 43 23 45 44 38
41x45: 32 36 30 33 34 30
43x47: 36 32 42 35 33 32
43x40: 52 40 41 44 43 45
45x48: 59 56 58 50 51 60
40x35: 31 32 36 36 46 34
39x42: 45 47 39 38 47 36
36x38: 31 26 34 42 36 41
50x47: 51 66 66 65 56 58
44x46: 45 59 57 64 43 44
42x46: 29 34 44 25 43 35
48x40: 38 33 31 42 24 40
39x41: 49 35 43 43 38 40
48x46: 61 53 75 54 49 54
37x48: 32 32 29 41 36 21
38x35: 15 18 31 26 21 20
49x39: 41 48 56 44 49 57
44x41: 25 27 19 39 38 34
40x39: 34 19 34 27 27 28
48x45: 34 52 46 39 38 30
42x36: 29 19 27 30 29 33
36x50: 37 27 34 34 29 31
45x39: 29 31 36 29 34 35
39x46: 50 46 39 37 58 45
46x39: 29 36 35 29 39 27
50x43: 39 38 45 32 43 26
49x41: 43 32 43 30 26 33
44x44: 55 49 50 45 46 54
49x44: 38 35 44 33 39 35
45x47: 37 30 42 49 34 32
36x37: 23 32 20 18 29 22
40x50: 37 39 34 31 29 38
48x39: 46 46 48 62 47 39
38x43: 35 40 39 44 49 43
35x47: 31 30 32 17 28 26
36x50: 37 30 31 31 35 28
49x46: 55 51 55 69 66 50
36x35: 18 13 22 27 21 31
36x38: 32 24 21 21 22 24
45x37: 41 43 49 45 37 43
48x48: 44 40 53 36 46 36
44x37: 26 35 34 26 25 21
42x48: 34 42 37 27 44 39
39x50: 37 37 36 31 34 33
49x40: 42 54 59 50 41 57
47x43: 24 39 37 39 32 38
41x48: 38 47 25 30 31 37
46x50: 38 35 41 42 40 44
38x44: 28 24 32 33 22 29
46x47: 38 32 38 45 32 39
46x36: 37 45 41 51 40 40
42x43: 50 51 48 42 45 43
41x42: 51 47 40 51 38 38
35x41: 20 25 22 24 21 31
45x43: 37 34 33 33 40 33
46x43: 36 39 37 35 27 36
46x37: 31 37 27 31 23 30
45x47: 41 48 27 39 31 38
43x44: 31 25 39 34 26 41
40x46: 30 41 29 25 33 36
44x40: 35 50 47 43 43 52
44x35: 37 48 37 40 30 44
50x39: 53 54 41 44 51 55
36x45: 32 24 28 30 29 37
41x48: 50 49 47 52 48 56
45x50: 50 65 53 51 61 64
48x42: 38 34 36 32 42 41
46x47: 38 40 32 33 38 43
35x39: 36 33 30 41 33 36
40x40: 23 27 29 24 32 33
38x43: 41 37 40 49 39 45
37x48: 58 39 48 51 47 33
37x40: 15 34 27 35 22 23
46x39: 31 29 29 31 30 44
50x40: 52 55 54 50 55 43
42x41: 51 45 44 44 42 40
39x48: 48 50 50 43 40 58
37x48: 47 54 50 29 44 51
40x35: 37 35 29 40 49 24
39x50: 49 36 67 57 46 50
47x48: 38 39 39 41 39 43
37x47: 46 41 44 47 38 52
38x35: 35 28 37 31 28 47
46x47: 33 35 42 40 36 39
48x35: 21 29 37 30 33 26
50x41: 48 55 56 45 60 52
41x40: 34 31 20 35 30 19
49x50: 76 55 62 74 56 56
42x43: 39 49 42 52 51 43
37x48: 31 31 37 30 32 31
41x40: 28 35 28 27 23 28
40x35: 35 43 37 49 26 26
48x38: 57 48 45 39 56 37
48x36: 36 53 51 39 43 45
39x44: 50 46 50 33 48 40
40x50: 52 53 47 53 47 55
48x46: 40 59 54 65 69 50
45x42: 37 29 22 36 36 50
47x35: 32 21 33 29 30 19
46x41: 58 41 53 52 44 45
50x36: 46 52 42 43 51 42
48x48: 51 49 36 32 42 45
47x39: 51 62 44 45 38 42
38x44: 28 34 19 33 26 27
42x44: 63 46 51 44 31 53
46x48: 58 59 70 51 52 54
36x45: 46 35 41 36 42 50
42x38: 40 42 45 35 50 35
49x41: 36 27 39 35 35 36
45x36: 30 26 36 27 34 27
39x42: 41 27 28 30 28 27
44x45: 45 38 51 63 48 59
42x45: 28 46 37 37 26 35
36x39: 27 26 27 28 21 27
47x36: 28 34 23 40 31 24
47x40: 53 41 54 43 37 64
39x43: 46 44 33 49 44 40
38x37: 39 33 43 29 40 35
37x35: 22 21 21 17 30 20
49x46: 55 55 45 50 67 71